100
91807
494314
563672
534492
332251
217057
139805
911013
352634
675843
743018
350621
532603
313500
592716
588351
414625
370966
572944
479720
99819
710726
721152
257519
2123
414634
425352
5631
700969
575505
99177
303268
236274
127107
186509
736486
922056
459855
929366
386774
271481
617242
237098
872905
993598
961002
304002
61963
358577
809620
226732
809966
615517
189478
892528
547337
455611
48919
461476
763542
603121
730869
303020
495445
461397
750908
456998
734108
555508
582921
230747
556548
304331
501327
921133
778016
112189
128680
768102
304535
267267
700560
942701
191227
916476
372717
212669
579063
813970
224740
927289
405215
713753
737866
413071
954804
686397
806105
445334
611184
