1000
603621
608173
262945
895132
444180
851866
127245
625550
585707
599767
699113
647257
40060
185175
903453
973304
237995
706195
201401
148937
711670
265837
360001
555734
595456
304463
874386
895175
366329
606117
45249
414279
546576
994919
504318
154407
529309
971054
453325
717706
174797
227775
547163
690102
856262
706997
436061
990285
325913
425161
448155
881421
620897
770153
264100
484203
376513
220332
595250
967977
515765
607859
654217
1852
670796
872120
500303
291484
512563
449990
588953
902515
154213
967439
318707
970192
565434
550686
607426
480093
910127
205046
967845
721250
485511
907415
893593
619540
670776
308142
314265
591744
814896
479225
948957
91253
962185
496372
204589
773860
145357
16669
134262
734080
345613
674975
814165
875094
71255
718961
444122
896398
249769
793676
746455
764280
943601
391016
966104
552144
984836
862641
122980
376734
469323
744628
968201
325258
474209
760943
346015
371564
676520
656918
152836
904520
332671
855261
251723
870804
574649
267020
118174
645812
80031
170022
442601
889261
2705
868851
49336
867624
278443
961892
368574
851022
585661
775122
11816
948010
967476
576919
419466
859888
928812
739848
135531
530351
566012
221111
898389
238348
912428
670531
102120
798798
999025
306282
803823
645389
85168
123244
507928
412723
330900
831751
178350
390071
213822
612229
103409
982208
1634
253234
508869
779232
465373
566764
48470
583253
755179
561143
630196
92700
453727
624919
267334
432842
362742
193526
49502
167279
536786
544651
83876
28603
695724
958391
127200
264332
563926
721304
66924
514036
362550
911768
449895
777132
927617
640765
669195
340101
865383
400037
125399
776576
14227
811428
657180
931798
696973
956035
495354
313978
491029
908768
412261
565089
419800
483518
236076
326928
282416
775241
671773
989237
931608
539002
113307
291846
234635
643215
674037
246707
735224
188990
724855
79393
236525
192719
215586
273740
668820
743504
109665
7074
685951
96009
312026
940462
344520
740208
426058
365792
313654
422883
341053
606577
672518
266822
988482
547836
758623
553147
994987
721373
854454
866758
103604
607025
710901
837970
762275
343990
856291
315567
669196
904358
986534
366043
181877
876508
78210
294664
61816
700917
451758
271621
324329
762680
121089
375666
83974
664143
459963
580816
715799
324981
582
52977
602835
616179
579737
68758
436464
162116
665628
46203
220819
779397
700848
402853
678976
894057
217817
663748
623590
583439
80322
499847
930533
671982
703449
507725
147011
741003
934294
6130
488135
488171
463462
812056
9245
819593
707817
177271
824249
753265
975327
582038
563928
815591
937604
744690
684647
652123
997612
252117
645627
249033
762982
639871
787110
722667
637756
98912
905597
699550
413006
369519
526246
522088
962457
267880
698527
593161
842471
527431
329637
458069
524491
541080
944763
387005
583462
64078
44603
361638
708416
824162
680192
363730
158157
260735
388512
655680
867867
324175
705454
162441
733972
299270
638289
422993
752359
777398
870467
382898
714081
180106
536606
32851
811844
639135
583073
511265
161335
853935
87979
359377
986630
150485
681583
946270
20606
995665
811433
153177
184332
150937
801294
886020
469292
222720
123542
51002
796784
765139
767859
769269
763727
52097
259765
702325
760327
796603
486197
712065
466324
221150
962581
558718
801881
304990
196783
679439
898268
339426
247900
19659
199128
386117
697250
791278
587169
705056
843613
869546
531333
704461
292201
385905
28161
341627
39713
833089
267742
982937
22163
635374
129859
251249
806452
280408
498703
693810
294294
554169
760021
508950
878702
287505
942272
375351
547829
468104
282413
300636
742102
152911
142903
361848
723815
455861
506421
219268
494743
609692
561013
919884
845384
708495
475485
679418
631705
646650
282439
651651
533660
329766
326711
103942
884047
725677
629707
160718
754830
311562
433974
709878
877950
537409
419314
679647
272322
600172
711118
844317
706905
565845
292484
901159
212188
203987
291416
14902
495995
509188
148274
336180
307698
241767
16540
900271
967897
20598
927183
585508
277210
393142
626732
870494
797554
464019
583134
359873
874759
679748
717173
163033
511815
782032
63911
779905
912744
45130
632284
385024
227793
115827
482496
512693
443232
908619
895107
538788
675752
407080
857115
55036
29554
131000
540905
541582
399792
699352
595286
312504
436468
887284
621174
188294
950382
99551
450725
838377
798166
658536
434730
278182
334829
795632
427683
27363
423601
845508
245366
674030
393694
153512
364660
812592
45762
816142
391375
602557
955472
47491
650015
910168
808442
107701
520971
867440
441236
887749
662538
948052
832924
109388
355065
150862
132035
829366
170410
706330
313697
278166
172100
133327
921388
172737
747981
240684
655262
67363
144589
465789
660108
364504
977928
904596
681622
364893
417200
250315
655540
322826
625295
528963
350478
241030
413696
165916
779425
202999
936798
466092
257845
51321
805736
121103
528064
417436
269908
273256
845165
235676
753771
8766
224706
743394
79212
824912
294667
534430
602737
164664
722733
951161
960100
988741
956842
120323
695815
980816
20069
144520
819960
966062
647663
354035
825617
715048
922778
619090
952436
244585
466135
157198
845163
920225
332557
559005
698295
477175
124365
196547
498570
466228
89837
188349
891097
548516
676409
929087
645570
660025
290551
799468
78371
438310
655560
810446
602247
942937
581684
989239
88157
163668
815566
303961
861085
386428
903349
841504
237710
381099
291206
128747
894233
45355
654071
826191
898759
587085
629046
290287
276448
510639
790805
314189
765533
903996
286557
316769
617152
562988
350256
648374
983116
465345
972348
747063
866479
987515
710981
165664
994142
470530
764676
591451
795559
801783
292291
520322
341932
914364
852848
584576
203946
775913
709393
298109
42502
788598
512097
668743
752954
619268
185848
802398
477348
661623
116568
132209
616653
1055
483377
91264
274520
948062
131903
422343
142858
81937
253608
848582
343058
550228
444680
841289
193564
132325
247240
683910
921271
411293
842931
17791
367956
451858
346
928377
891537
330725
220176
746354
656270
349915
904216
228690
157574
433133
380267
104067
974239
534806
254862
203503
93489
687900
223546
514248
551442
425349
236059
34509
481362
577461
840748
337653
284643
338683
736624
623954
351472
112522
421517
86022
563155
647686
977704
289063
264612
118850
966101
520200
459339
514457
839894
189253
403678
97651
460731
199161
857145
848568
705537
945464
594958
352703
750293
296181
502314
842128
558433
548649
440737
884869
781132
441788
485160
377154
216947
747884
133079
749219
844121
261414
77616
280616
423837
487566
872973
84921
510028
986451
825331
327009
644779
259697
949941
864296
386614
928027
467954
391346
916388
575229
938653
69068
744484
970970
671280
696267
492143
73046
628304
266255
928555
611531
881014
102685
890351
124608
216674
485416
924209
113283
885404
680011
462306
891860
245376
768257
393807
602668
444992
529452
809768
539259
772245
313158
138096
787640
478689
343930
600249
713016
